52,000
【가격】
930000
397
547,000원
47000
47000원
47000
47000
47000
50000
47000원
47,000원
47000
47,000
47000원
x3
47000
4.7
47,000
47,000
47000원
【가격】
47,000x2
47,000
₩47,000
결제
47,000
47000
47,000
47,000원
47,000
₩47,000
47,000
47000
47,000원
47,000
49000
47,000
47,000
47,000
47000
47,000(무배)
47,000원
47000
47.000
【가격】
\47,000
47000
코드미러
47,000
47000*2
47,000원
47,000원
47000원씩
47,000
47,000원
47000원
47000
47,000
47,000원
47000
47,000
47000
47,000
47,000
샤넬
【가격】47,000원
49000
47000
47.000
4.7만
47000원
【상품명】
47000
47000
47,000
47000원
47,000​
47,000원
47000원
47000
47,000원
x2
47000
47000*2
각47000.........
47000
47000
47000원
￦47,000
47000
47000x2
47000
47,000
4.7
47,000
47000원
47000
47,000
47000
47000
47000
47,000
470000원
【가격】
2
47,000원
47,000
x2
47,000원
47000
47,000
47000
【가격】
【가격】
샀는데
45030
47000
47000
수수료,배송료
47000
47000
41,000
41000
41000원
41,000
16,945원
47000
277,000
38,000
47,000원
47000
47000
47000
111,000
47,000
47,000원
47,000
47000
47000
47000
47000
47000원
47000
47,000
47000
47000
【가격】
47000원×2
47000
￦47,000
【가격】49,000
47,000원
47000원
47,000
47000
47000원
47000원
47,000
47,000
47000
【가격】
47,000
47,000원
【가격】
47,000
47,000
47000
47000
47,000원
47,000
【가격】
47,000
47,000
47,000원
47000원
【가격】
47,000
47000
47000
47,000
47000
47,000
47,000
47000
47
47000
【가격】
47,000
【가격】
47000
47000원
47,000원
47000
47,000
47000
47,000
47000
47000*2
47000
47,000
/47,000
47,000
47000
47000
【가격】
47000
47000
47000
47000
47000
【가격】
47000
47000
47,000
47000
47,000
47000원
47000
47,000원
47000+94000
47,000원
47.000
7778000
【가격】
47,000*2=94,000
47000원
47,000원
47000
47,000
47,000원
47000원
47000원
47,000
47,000
47,000원
47,000
47.000
47000
샤넬
47,000
47000원
47000
47,000
47,000
47000원
47000
47000
47,000원
47000
47,000원
47
47,000
47900
47,000
47,000
【가격】
111발레리나
47,000
47,000
47,000씩
47000
47,000
47000
47,000
【가격】
【가격】
47,000원
47
47000
47000원
47,000
47000
【가격】
2
₩47,000
47,000원
47,000원
47000원
47
47,000
47000원
47,000
47,000원
47000원
47,000
47000
47000
47,000
47,000원
47000원
