18499.31
18499.31
82428.42
94267.97
118664.63
97810.87
103910.04
125750.43
30226.74
69871.31
26863.23
95433.99
63951.54
59152.93
66238.72
80006.69
69108.92
46192.2
30226.74
51304.74
39913.65
39801.54
141940.12
30226.74
121871.18
26459.61
76867.42
70947.64
55071.87
25069.36
80589.7
82159.34
59108.08
16761.49
50183.57
125795.27
50183.57
106645.69
114628.42
50183.57
79872.15
58435.38
50183.57
107049.31
80589.7
53726.47
55789.42
26459.61
57089.98
106735.38
11480.78
70947.64
18499.31
112161.85
100725.91
80858.78
83953.21
41259.06
50183.57
57089.98
101174.38
53726.47
107452.93
111657.32
53726.47
116556.83
86442.21
31347.91
33579.04
57089.98
88168.81
85971.32
70947.64
50183.57
26863.23
107452.93
54802.79
26863.23
26863.23
40306.06
14485.52
50183.57
53726.47
83953.21
80589.7
26863.23
83953.21
121714.22
26863.23
60453.49
107452.93
25226.33
83953.21
53726.47
83953.21
33579.04
53726.47
43008.08
50183.57
50183.57
100367.14
50183.57
50183.57
5549.79
57359.06
60072.29
157412.27
57359.06
5146.17
44835.59
65252.09
144911.22
44835.59
90366.3
9810.24
44835.59
43008.08
50385.38
71710.03
44835.59
82249.03
5549.79
44835.59
5695.54
43008.08
73526.33
60363.79
43008.08
143420.07
33623.89
116108.37
138307.53
94066.16
67617.76
41931.76
2265951.84
117857.39
18813.23
98158.43
212181.42
27995.61
18813.23
43815.32
52896.8
40339.7
121916.03
64534.55
64534.55
32267.27
18813.23
18813.23
121019.09
35877.44
65453.9
56506.97
18813.23
40328.48
141558.92
55497.92
18499.31
55497.92
55497.92
63099.45
71138.24
47492.76
42783.85
19340.18
213582.89
210208.16
47986.08
32457.87
18499.31
39285.8
91397.78
42873.54
69781.62
25753.27
35260.8
70297.36
50441.44
33635.1
29116.78
122902.66
194354.82
127678.84
109919.51
4394.99
31325.49
89177.86
78930.37
19732.59
19732.59
59197.78
10718.39
141671.04
155214.77
20315.6
72236.98
59534.13
9462.67
72595.76
45115.88
9462.67
9462.67
19799.86
168960.32
118283.44
9462.67
119516.72
214849.81
115446.87
81116.65
5886.14
107217.49
106197.22
23544.57
45934.33
23510.93
21367.26
67180.51
75510.8
51013.24
36953.76
50161.15
102295.55
78952.79
117296.81
14978.83
166751.61
100905.3
67752.3
118339.49
22367.34
94873.41
133811.64
39184.89
134977.66
76060.17
110211.01
12153.48
117767.7
39689.42
216172.79
45642.83
39868.81
85152.86
22389.76
129495.14
52549.24
98887.19
840.88
52784.68
51842.9
44858.01
52784.68
11357.45
22367.34
22367.34
127095.83
31325.49
208526.41
28533.78
15303.97
139922.02
85152.86
43815.32
47582.45
90074.8
26818.39
61081.34
152344.58
59377.16
51966.23
73728.14
102654.33
121131.21
66205.09
85164.07
113552.1
34722.63
47761.84
128867.28
104829.4
13397.98
45564.35
45867.06
51618.67
3912.88
46909.75
53210.73
15976.67
43680.78
93146.8
60498.33
13409.19
25226.33
60139.56
141828.01
38041.3
31572.15
55195.2
18499.31
34890.81
39554.88
39767.9
236544.45
78795.83
92496.53
29116.78
45878.28
73145.13
22412.19
11200.49
10146.59
123777.17
16772.7
43052.93
129091.51
112296.39
67348.68
48143.04
112027.31
108731.07
3363.51
58771.73
75308.99
43893.81
73907.53
50396.59
52325.0
67864.42
103898.82
64243.04
57403.9
53726.47
50407.8
4428.62
44521.66
71384.89
16772.7
113989.35
96274.87
99189.91
22367.34
50407.8
68290.46
50407.8
47806.69
73234.82
63783.36
14250.07
19003.83
19003.83
45284.06
76261.98
14306.13
112980.3
119023.41
14250.07
72035.17
75589.28
39465.18
34722.63
108293.81
42884.75
44757.11
50990.81
27973.19
17893.87
55475.49
138756.0
67561.7
36583.78
67135.66
111280.61
36460.45
92451.68
215242.22
31325.49
29699.79
49297.84
52246.52
44835.59
107565.05
95259.09
25226.33
33321.17
39521.24
16839.97
46192.2
22412.19
24632.1
19003.83
91218.39
18936.56
42548.4
132746.53
36583.78
62897.64
46528.56
22389.76
9821.45
18566.58
15203.07
29699.79
129158.78
69064.07
29699.79
29699.79
81396.94
46528.56
29699.79
19003.83
57706.62
73156.34
22389.76
22389.76
16739.07
22389.76
22389.76
45609.2
33635.1
22389.76
18611.42
48300.0
22389.76
22389.76
22389.76
22389.76
18499.31
22389.76
22389.76
22389.76
298175.16
22389.76
169195.76
21268.59
64926.95
111948.82
22389.76
22389.76
33579.04
22367.34
50990.81
18499.31
21627.37
41169.36
10763.23
18499.31
119292.49
113641.79
18499.31
19003.83
67258.99
129786.64
79188.24
18499.31
21604.95
142624.04
59960.17
19003.83
83628.07
128844.86
105569.37
21627.37
106085.11
129764.22
107161.43
18398.4
19003.83
77741.93
18409.61
5717.97
19003.83
158410.11
139182.04
2231.13
91442.63
44824.38
99044.16
162950.85
44824.38
44824.38
56439.7
99044.16
35137.47
61484.96
88213.66
95277.03
5717.97
2265940.63
31359.12
22344.92
22389.76
23510.93
73044.23
22389.76
50419.01
18499.31
36998.61
5549.79
16761.49
18499.31
177088.8
29968.87
202886.92
16761.49
16761.49
83179.6
201776.96
67258.99
5549.79
44835.59
67258.99
72808.78
50385.38
44835.59
50385.38
44835.59
72808.78
5549.79
72808.78
44835.59
23510.93
79199.45
5549.79
5549.79
98584.48
44835.59
212753.22
137186.36
72808.78
95220.97
5549.79
44835.59
44835.59
44835.59
44835.59
156515.33
95220.97
44835.59
67258.99
11200.49
37839.49
5594.64
175799.46
11200.49
59410.8
73660.87
22367.34
90366.3
22367.34
25730.85
10482.94
8386.35
25730.85
21268.59
116568.04
200375.5
14306.13
48714.84
77405.58
79569.43
18790.81
21257.38
21268.59
56417.27
21246.17
28029.25
20102.58
99223.55
53132.25
17669.64
21257.38
53647.98
120862.13
22423.4
21268.59
49297.84
111130.37
49297.84
17109.05
17109.05
14306.13
17109.05
21246.17
17669.64
30697.63
17882.66
17882.66
17109.05
17882.66
17882.66
46640.67
76688.03
79064.91
39061.56
54600.98
17882.66
17882.66
17109.05
17882.66
122566.3
17882.66
17109.05
122566.3
17512.68
17669.64
136872.43
17882.66
115054.47
17546.31
17512.68
18039.63
17882.66
18039.63
18039.63
17882.66
13790.39
108260.18
14306.13
17109.05
2802.93
17109.05
14306.13
17109.05
14306.13
72472.43
79748.82
105289.07
116568.04
25674.79
167020.69
143621.88
40306.06
11200.49
82932.94
79221.87
25069.36
158724.04
65532.39
88976.05
48300.0
81004.53
64400.0
52425.91
31773.96
120727.59
91835.03
85152.86
93998.89
21268.59
135123.41
40765.74
28018.04
11200.49
22367.34
44790.74
21268.59
106376.61
21268.59
21268.59
21638.58
22378.55
129786.64
21268.59
40362.12
22367.34
21268.59
111892.77
22367.34
111892.77
21268.59
53177.09
21268.59
21268.59
129786.64
22367.34
79591.86
104762.12
102979.46
22367.34
48513.03
54881.27
222776.48
93158.02
209658.79
167749.46
122644.79
4473.47
44488.03
23510.93
35608.36
21268.59
21268.59
117027.72
21268.59
21268.59
21268.59
21268.59
172391.1
21268.59
21268.59
21268.59
97530.58
21268.59
21268.59
188345.35
21268.59
21268.59
21268.59
172648.97
21268.59
21268.59
188345.35
172648.97
172648.97
21268.59
172648.97
172648.97
21268.59
90769.92
84076.54
22277.65
81172.71
21268.59
91902.3
42256.56
133415.39
89403.36
92600.81
96613.3
64576.06
42256.56
55641.99
42256.56
170374.21
36990.17
107459.57
70155.93
70155.93
160248.93
36990.17
79810.99
149214.58
113039.45
70155.93
75108.85
156095.37
75108.85
162944.82
79810.99
120186.7
76613.53
37554.42
56347.31
70155.93
75108.85
117365.41
37554.42
35266.05
117365.41
117365.41
46943.03
75108.85
60124.7
70155.93
70155.93
70155.93
80187.16
162317.87
66394.22
59811.22
54921.0
153665.94
198054.14
101487.86
63071.37
27679.93
105563.04
51660.84
70124.58
110374.9
94716.77
165436.96
26567.09
132631.7
154073.45
55485.25
63808.04
73792.25
92553.79
158744.25
63698.32
55297.17
55594.97
23448.0
180468.13
94152.52
82162.06
70453.73
73149.62
94873.51
99795.08
159355.52
134590.92
138666.11
70469.4
102381.26
89168.25
19921.4
26567.09
19999.77
157944.88
166393.06
19921.4
100704.17
55171.78
62569.81
71284.44
77553.96
193978.95
51143.61
93854.71
41519.9
51143.61
25736.38
41519.9
41519.9
41519.9
63761.02
31269.23
30234.76
57554.19
158869.64
30203.41
83823.48
26567.09
180123.31
30234.76
148305.5
25720.71
26567.09
26567.09
127835.51
14655.0
68102.66
108211.92
26269.29
78870.56
29717.52
74999.13
168963.56
23918.22
24999.71
107208.79
110531.64
54607.52
76331.41
24999.71
23918.22
24999.71
24482.48
24701.91
24529.5
24482.48
25219.14
25219.14
151346.21
3918.45
19999.77
200781.38
110751.07
221893.99
91613.36
67522.73
90030.31
131409.14
188900.64
31284.9
181439.91
30234.76
31269.23
146455.99
67820.53
76723.25
163603.12
117537.83
18499.31
157412.27
144911.22
44835.59
50385.38
44835.59
5549.79
73526.33
41931.76
117857.39
18813.23
212181.42
18813.23
52896.8
40339.7
121916.03
64534.55
64534.55
32267.27
35877.44
65453.9
56506.97
40328.48
55497.92
213582.89
18499.31
25753.27
50441.44
29116.78
194354.82
4394.99
31325.49
78930.37
19732.59
155214.77
72236.98
59534.13
118283.44
115446.87
5886.14
107217.49
23510.93
14978.83
100905.3
216172.79
51842.9
31325.49
28533.78
104829.4
38041.3
55195.2
34890.81
236544.45
92496.53
73145.13
43052.93
75308.99
68290.46
42884.75
67561.7
92451.68
31325.49
49297.84
44835.59
107565.05
33321.17
39521.24
16839.97
24632.1
62897.64
46528.56
22389.76
69064.07
46528.56
73156.34
16739.07
22389.76
33635.1
22389.76
22389.76
18499.31
298175.16
22389.76
64926.95
22389.76
22389.76
18499.31
10763.23
18499.31
119292.49
79188.24
18499.31
129764.22
158410.11
2231.13
99044.16
162950.85
56439.7
35137.47
61484.96
31359.12
22344.92
50419.01
18499.31
36998.61
177088.8
202886.92
83179.6
201776.96
67258.99
5549.79
67258.99
72808.78
50385.38
44835.59
72808.78
23510.93
79199.45
212753.22
72808.78
95220.97
44835.59
156515.33
37839.49
11200.49
73660.87
90366.3
116568.04
79569.43
21268.59
20102.58
21268.59
49297.84
49297.84
30697.63
17882.66
167020.69
82932.94
120727.59
21268.59
21268.59
21268.59
21268.59
21268.59
102979.46
222776.48
93158.02
23510.93
21268.59
21268.59
21268.59
21268.59
21268.59
21268.59
21268.59
21268.59
21268.59
21268.59
21268.59
21268.59
91902.3
104150.53
64732.73
78619.47
166640.86
162628.83
91641.66
102597.06
102597.06
155266.7
16142.66
4714.47
27003.49
12225.19
64732.73
5335.86
60734.22
91884.82
98071.71
40457.96
129114.24
54006.98
54006.98
54006.98
114795.23
20195.21
20195.21
20195.21
118780.24
21546.06
64070.82
97801.54
51163
710
104786
305
72165
82702
450
98950
63
20500
964
424
824
61074
916
4000
3500
160500
