134876.17
39280.95
53185.71
98492.05
80995.23
86904.75
75317.45
135571.41
168015.85
254920.6
139047.6
50984.12
104285.7
98492.05
134412.68
104285.7
172361.09
135571.41
50984.12
120507.92
125142.84
73869.04
162222.2
92698.4
134412.68
120507.92
125142.84
152952.36
134412.68
120507.92
69523.8
120507.92
83057.77
203936.48
120507.92
134412.68
120507.92
162222.2
2317.46
120507.92
50984.12
98492.05
75317.45
135571.41
168015.85
254920.6
139047.6
104285.7
135571.41
120507.92
125142.84
73869.04
92698.4
134412.68
120507.92
152952.36
134412.68
120507.92
203936.48
134412.68
120507.92
162222.2
120507.92
50984.12
159046.63
95509.96
