118352.0
94681.6
230786.4
168651600.0
11835.2
2367.04
11835.2
130187.2
118352.0
3550.56
11835.2
11835.2
11835.2
7101.12
82846.4
11835.2
2367.04
11835.2
5917.6
8284.64
129003.68
11835.2
11835.2
211850.08
21942.46
169527.4
5905.76
65093.6
42606.72
78491.05
2367.04
189699319.68
49707.84
118352.0
42606.72
42606.72
85213.44
42606.72
86361.45
42606.72
42606.72
377542.88
15385.76
107700.32
91095.53
51483.12
11835.2
17752.8
125689.82
177528.0
5917.6
136791.24
18900.81
224868.8
43754.73
119535.52
28404.48
57956.97
11835.2
204748.96
17752.8
11835.2
17752.8
160852.2
11835.2
182262.08
42606.72
214217.12
43754.73
86361.45
42606.72
42606.72
43754.73
234336.96
42606.72
42606.72
164473.77
46465.0
19883.14
218951.2
99900.92
189363.2
46512.34
11823.36
18593.1
50548.14
35505.6
42606.72
81485.35
46027.09
56714.28
83390.82
17740.96
67401.46
221862.66
17740.96
94681.6
23658.56
26037.44
20084.33
44358.33
33138560.0
35032.19
237769168.0
9456.32
30179.76
11125.09
37860.8
9456.32
43754.73
67401.46
42251.66
27197.29
8272.8
14202.24
23670.4
5314.0
204843.64
49198.93
236704.0
87509.47
43754.73
43754.73
3550.56
43754.73
43754.73
87509.47
43754.73
87509.47
43754.73
43766.57
43754.73
175018.94
43754.73
27220.96
43754.73
230786.4
43754.73
96977.63
87509.47
43754.73
14557.3
43754.73
87509.47
43754.73
218773.67
43754.73
87509.47
43754.73
43754.73
2367.04
156662.54
4734.08
87509.47
43754.73
57956.97
43754.73
43754.73
43754.73
43754.73
218773.67
43754.73
63910.08
232975.91
159775.2
40689.42
23670.4
43754.73
110706.46
29588.0
40807.77
263191.18
40689.42
104149.76
40689.42
40689.42
23658.56
21279.69
77615.24
141004.57
190736.08
158047.26
23658.56
58678.92
8864.56
118352.0
126601.13
40689.42
191197.66
136436.19
64194.12
40689.42
165.69
112434.4
2367.04
40689.42
64513.68
40689.42
13930.03
40689.42
172379.69
40689.42
40689.42
81378.84
50855.85
254473.37
20593248.0
44275.48
104954.55
134637.24
35493.76
81378.84
61543.04
105049.24
214217.12
40689.42
75721.61
35493.76
114919.79
141975.06
67401.46
141927.72
71910.68
36985.0
129725.63
3550.56
23646.73
40689.42
112434.4
11835.2
173669.72
47281.62
17161.04
69046.56
67401.46
38310.54
43020.95
17752.8
2367.04
67401.46
94646.09
34913.84
74561.76
11835.2
141986.89
81378.84
40689.42
97640.4
40689.42
138838.73
67401.46
46157.28
81378.84
44382.0
204417.57
81378.84
40689.42
81378.84
201198.4
81378.84
40689.42
40689.42
21303.36
40689.42
1467.56
233697.86
103155.6
145738.65
70360.26
172853.1
35505.6
40689.42
3550.56
144744.5
25635.04
62655.55
2550485.6
153810.26
40689.42
40689.42
40689.42
40689.42
213033.6
81414.34
103830.21
167302387.2
40239.68
81378.84
81378.84
122068.25
40689.42
16072.2
215305.96
105960.55
40689.42
162757.67
40689.42
2367.04
122068.25
2367.04
2367.04
162757.67
97451.04
161787.18
40689.42
148555.43
81378.84
40689.42
148555.43
23670.4
216702.51
40689.42
81378.84
40689.42
81378.84
81378.84
81378.84
73827.98
2367.04
40689.42
81378.84
40689.42
68123.41
17740.96
143821.35
41399.53
82810.89
53944.84
23634.89
151490.56
46334.81
57992.48
234336.96
57992.48
47328.96
218619814.4
35505.6
177528.0
47328.96
85118.76
57992.48
224868.8
217270601.6
83633440.8
53104.54
118352.0
161858.2
206642.59
124151.25
51980.2
24842.08
29576.16
90071789.6
42156.98
53921.17
47328.96
47328.96
94657.93
13231.75
47328.96
47328.96
47328.96
29576.16
61495.7
14521.79
234940.56
88527.3
67401.46
50548.14
81627.37
46251.96
49423.8
40275.19
68644.16
7988.76
213033.6
57235.03
106019.72
44677.88
124340.61
49707.84
55921.32
128021.36
179267774.4
50548.14
94681.6
218477.79
70987.53
113440.39
63377.5
9468.16
175160.96
77627.08
80372.84
41411.36
53258.4
48050.91
125879.19
76585.58
59152.33
29576.16
35505.6
71543.78
130187.2
77627.08
4734.08
33138.56
113617.92
42606.72
40239.68
186475.41
41541.55
19528.08
106800.84
29576.16
106043.39
105167.59
96717.25
35493.76
66961194.56
35493.76
118352.0
11835.2
61223.49
54134.2
43245.82
43245.82
45518.18
36570.77
74478.91
140838.88
49200109.92
56252.71
41423.2
47175.11
17740.96
23670.4
201198.4
43245.82
66194.27
201198.4
43245.82
47175.11
201198.4
20403.88
71898.84
45518.18
40784.1
48003.57
185901404.0
8284.64
42204.32
1266.37
64205.96
87817.18
45518.18
33091.22
63708.88
50465.29
120079.94
137584.2
188582.08
50500.8
44216.31
4734.08
47175.11
44216.31
2367.04
59164.16
96054.48
2367.04
69792.17
47222.45
68265.43
45967.92
23930.77
59436.37
232561.68
30771.52
49944.54
56903.64
4734.08
47175.11
222856.82
94314.71
152425.54
116647.73
131370.72
30014.07
63708.88
114990.8
76964.31
104031.41
7692.88
35505.6
232822.05
135998.28
35505.6
228798.09
231496.51
66277.12
214217.12
113049.83
226052.32
100977.93
49624.99
78656.74
121902.56
41790.09
50820.35
47175.11
35505.6
184925.0
4672536.96
236704.0
222229.55
31505.3
106516.8
73970.0
235283.78
153265.84
338640.58
187611.59
47340.8
226939.96
235863.7
235792.69
219779.66
2367.04
226525.73
235698.01
95510.06
236408.12
231851.57
111487.58
41423.2
165373.25
235402.13
146046.37
21628.83
229034.79
209483.04
34913.84
198227.76
119204.13
213483.34
145821.5
163917.52
95569.24
147016.85
97249.84
211376.67
221910.0
13018.72
218122.74
100125.79
218655.32
192322.0
75449.4
2367.04
229957.94
5905.76
230786.4
212003.94
228774.42
47340.8
229366.18
170107.33
67709.18
99415.68
227945.95
231674.04
83757.71
214453.82
53258.4
19439.32
76928.8
118352.0
13018.72
353872.48
53921.17
50548.14
42121.48
53743.64
53921.17
2958.8
94681.6
649752.48
107842.34
32043804.0
29588.0
213033.6
2392024.11
49423.8
9468.16
123086.08
42606.72
39943.8
85213.44
42606.72
20119.84
42606.72
39943.8
14912.35
170426.88
150099924.0
29327.63
51128.06
85213.44
92042.35
54939.0
22486.88
42606.72
42606.72
17752.8
201198.4
223685.28
201198.4
85213.44
56808.96
66277.12
217767.68
201198.4
236704.0
218951.2
13018.72
35505.6
218951.2
201198.4
42606.72
218951.2
201198.4
118352.0
201198.4
17752.8
42606.72
61779.74
53921.17
56808.96
42606.72
56808.96
104149.76
85213.44
85213.44
42606.72
71011.2
81035.61
170426.88
13054.23
42606.72
62702.89
127820.16
170426.88
85213.44
94882.8
42606.72
85213.44
42606.72
42606.72
42606.72
42606.72
42606.72
42606.72
213033.6
42606.72
42606.72
42606.72
47932.56
213033.6
18936.32
42606.72
85213.44
94681.6
41008.97
42606.72
42606.72
113617.92
85213.44
108883.84
23670.4
42606.72
3550.56
42606.72
42606.72
42606.72
198831.36
213033.6
331740.66
42606.72
215400.64
42606.72
42606.72
42606.72
42606.72
99415.68
42606.72
47932.56
66277.12
42606.72
42606.72
47281.62
95865.12
42606.72
42606.72
42606.72
85213.44
85213.44
170426.88
85213.44
35008.52
8284.64
51104.39
42606.72
42606.72
132554.24
42606.72
42606.72
42606.72
50548.14
213033.6
42606.72
71011.2
50548.14
97545.72
2130336.0
192913.76
53921.17
201198.4
229602.88
11835.2
11835.2
47932.56
70916.52
86396.96
850950.88
64336.15
48820.2
88373.44
127192.89
33138.56
35481.93
183445.6
261409980.0
201198.4
29588.0
118352.0
50548.14
11681342.4
201198.4
67401.46
46098.1
177528.0
41801.93
233153.44
183702423.84
177528.0
195280.8
33138.56
50559.97
53258.4
4175757065047.36
125240.09
201198.4
23670.4
61779.74
13018.72
5917.6
94930.14
159775.2
53258.4
30132.42
203565.44
53258.4
74691.95
13270.22
53258.4
50548.14
101096.28
58276.52
76928.8
42080053.6
29588.0
53258.4
106422.12
12105042.56
87391.12
56761.62
48772.86
75934.64
62714.72
42476.53
21753.1
81793.07
17740.96
115878.44
17740.96
17740.96
3550.56
14320.59
57992.48
52015.7
42559.38
34049.87
82597.86
1183.52
46950.24
54098.7
46275.63
91296.73
29588.0
23670.4
111179.87
102836.05
79887.6
4260672.0
141596.33
107179.57
86941.38
21729.43
47281.62
17740.96
43447.02
21918.79
10164.07
17693.62
12202.09
60359.52
48820.2
17267.56
20829.95
48772.86
48772.86
50548.14
22427.7
53258.4
125914.69
41399.53
49885.37
50548.14
27197.29
19528.08
2367.04
50548.14
108789.16
46299.3
117934217.44
39008.82
48772.86
83307.97
21757.83
71768.65
108789.16
108789.16
108789.16
20829.95
21757.83
163183.74
96658.08
21753.1
46334.81
21303.36
61187.98
48772.86
116186.16
65034.42
98397.85
120719.04
19528.08
27197.29
19528.08
112316.05
53199.22
3550.56
20403.88
50548.14
89852.84
152307.19
20474.9
108789.16
108789.16
81591.87
108789.16
22119.99
122387.8
80716.06
54394.58
20392.05
20392.05
108789.16
20392.05
27197.29
142779.85
61187.98
192854.58
94491053.28
48417.8
108789.16
26037.44
195825.22
53258.4
27197.29
108789.16
53258.4
119405.33
21757.83
9468.16
108789.16
80716.06
20403.88
106516.8
163183.74
50607.32
21764.93
81591.87
20403.88
48772.86
101983.92
5917.6
21303.36
217578.32
142779.85
21303.36
20392.05
183575.79
108789.16
108789.16
21753.1
21757.83
21303.36
20403.88
224868.8
174060.29
21757.83
21753.1
27197.29
21303.36
20397.97
81591.87
21757.83
108883.84
21757.83
21764.93
21753.1
21303.36
159775.2
72904.83
21753.1
108789.16
130542.26
21757.83
21764.93
21764.93
53258.4
21757.83
82242.8
217578.32
53258.4
53258.4
217578.32
4142320.0
213033.6
108789.16
108789.16
21753.1
21764.93
21757.83
54394.58
53258.4
213033.6
130187.2
53258.4
21658.42
106516.8
106516.8
26037.44
27197.29
106516.8
53258.4
106516.8
106516.8
53258.4
140602.18
53258.4
47932.56
106516.8
159775.2
48772.86
53258.4
159775.2
53258.4
57093.0
53258.4
53258.4
46334.81
106516.8
53258.4
46334.81
537980851.2
106516.8
53258.4
53258.4
47932.56
53258.4
53258.4
53258.4
53258.4
53258.4
53258.4
49589.49
53258.4
5029960.0
53258.4
106516.8
53258.4
253784560.64
53258.4
4734.08
53258.4
53258.4
2367.04
53258.4
53258.4
53258.4
106516.8
213033.6
106516.8
53258.4
191730.24
53258.4
64050918.88
53258.4
53258.4
213033.6
53258.4
52074.88
53258.4
53258.4
53258.4
23634.89
53258.4
53258.4
53258.4
53258.4
46098.1
106516.8
79260.33
53258.4
211814.57
53258.4
53258.4
53258.4
53258.4
106516.8
22451.37
158556.17
53258.4
191730.24
53258.4
159775.2
4734.08
53258.4
33138.56
53258.4
53258.4
53258.4
53258.4
53258.4
53258.4
53258.4
53258.4
56749.78
47932.56
53258.4
106516.8
213033.6
53258.4
53258.4
213033.6
53921.17
53258.4
50548.14
112434.4
213033.6
80905.43
127772.82
64703.04
85142.43
70443.11
171574.89
46334.81
47281.62
71721.31
53258.4
53921.17
30688.67
53921.17
94681.6
118896.42
46334.81
104824.37
96882.95
48772.86
63815.4
60099.15
2367.04
50548.14
89426.77
96965.79
49423.8
53258.4
41423.2
50500.8
133263168.48
48772.86
86006.4
47340.8
75354.72
52134.06
22131.82
18936320.0
84231.12
45447.17
60347.68
29588.0
59471.88
70703.48
201198400.0
45139.45
23670.4
84231.12
26037.44
9172.28
50500.8
84231.12
46630.69
5783862.24
200156.9
213033.6
42606.72
42961.78
84231.12
47281.62
115357.69
63815.4
84231.12
84231.12
23670.4
113878.29
84231.12
42606.72
188190331.68
48772.86
84231.12
66028.58
84231.12
63821.32
111215.37
63910.08
118316.49
45139.45
84231.12
120541.51
63815.4
84231.12
121689.53
29588.0
62892.25
84231.12
94847.29
110860.32
97545.72
84231.12
48772.86
84029.92
84231.12
10604.34
84231.12
84231.12
2367.04
127192.89
57282.37
29588.0
97545.72
84231.12
23670.4
48772.86
145260510.72
115263.01
84231.12
84231.12
97545.72
84231.12
47281.62
107901.52
84231.12
84231.12
84231.12
84231.12
84231.12
84231.12
84231.12
84231.12
99593.21
11823.36
5858.42
44914.58
45068.44
120600.69
183445.6
153857.6
41411.36
54205.22
106516.8
223685280.0
33138.56
23658.56
105078823.2
134696.41
45825.89
151466.89
53258.4
16557.44
88752.16
53258.4
16557.44
177528.0
189363.2
16557.44
46867.39
30688.67
30688.67
62087.46
12415.12
110599.94
1248660940.8
11835.2
213033.6
125453.12
177528.0
31434.29
8272.8
28120.44
213033.6
76644.76
118352.0
72182.88
47328.96
88752.16
108777.32
23670.4
89426.77
43790.24
26037.44
26037.44
65010.75
23670.4
104149.76
26037.44
371329400.0
47281.62
5858.42
15385.76
18936320.0
83438.16
46157.28
177528.0
5858.42
46157.28
46157.28
174924.26
46157.28
46157.28
67460.64
46157.28
46157.28
23658.56
22723.58
11776.02
11823.36
41340.35
135891.77
21291.52
35493.76
18936.32
2367.04
2392012.27
5858.42
5858.42
5858.42
47328.96
53187.39
5858.42
23658.56
75615.09
47328.96
47328.96
53187.39
142022.4
53187.39
53187.39
47328.96
100575.53
114079.49
2392012.27
84503.33
47340.8
106516.8
3550.56
7101.12
127820.16
3550.56
47340.8
30179.76
50548.14
53258.4
66989.16
62682.71
25057.14
76431.44
47211.41
90834.11
31899.6
59668.2
90834.11
23127.21
51629.5
90834.11
187107.1
34547.27
62331.82
142878.31
152878.83
165239.93
108315.09
169642.07
141729.92
159498.0
82508.32
72954.39
61342.93
75809.4
55824.3
61342.93
54963.01
64692.39
56876.99
68009.95
161826.67
129448.58
61949.02
76686.64
63575.9
127103.96
157201.23
40448.69
85857.77
154968.26
89318.88
66877.51
106002.37
164282.94
56318.74
6296981.04
74038.97
30304.62
109208.28
72667.29
86703.11
168780.78
40608.19
100659.19
68121.6
136243.19
102333.92
57243.83
156164.49
19299.26
78154.02
111313.65
63272.86
72906.54
123036.76
190823.41
117167.23
63719.45
29539.03
16444.24
23270.76
65729.13
68121.6
67228.41
68121.6
62395.62
96719.59
65729.13
162687.96
26317.17
68121.6
68201.34
65729.13
66829.66
94933.21
62443.47
65729.13
86001.32
120516.69
113514.73
61247.23
81328.03
115907.2
95284.11
68057.8
62842.21
155462.7
113514.73
113514.73
86009.3
86128.92
159450.15
113514.73
86001.32
163995.84
84757.24
113514.73
127821.7
149401.78
131458.25
65729.13
113243.58
14291.02
113514.73
171412.5
131458.25
113514.73
113514.73
113514.73
113514.73
60736.84
162528.46
73050.08
61757.63
103290.9
4784.94
172257.84
118352.0
94681.6
230786.4
11835.2
11835.2
130187.2
118352.0
11835.2
11835.2
7101.12
82846.4
11835.2
11835.2
8284.64
129003.68
11835.2
11835.2
211850.08
21942.46
5905.76
65093.6
42606.72
118352.0
42606.72
42606.72
85213.44
86361.45
42606.72
377542.88
15385.76
107700.32
91095.53
11835.2
17752.8
125689.82
177528.0
136791.24
18900.81
224868.8
43754.73
119535.52
11835.2
17752.8
11835.2
160852.2
42606.72
214217.12
42606.72
42606.72
42606.72
42606.72
218951.2
11823.36
35505.6
42606.72
17740.96
221862.66
17740.96
9456.32
11125.09
37860.8
43754.73
236704.0
43754.73
43766.57
27220.96
43754.73
230786.4
175018.94
87509.47
87509.47
43754.73
218773.67
43754.73
87509.47
43754.73
43754.73
156662.54
43754.73
43754.73
43754.73
43754.73
43754.73
218773.67
40689.42
23670.4
43754.73
110706.46
118352.0
40807.77
40689.42
104149.76
40689.42
40689.42
58678.92
8864.56
40689.42
191197.66
136436.19
64194.12
40689.42
112434.4
81378.84
61543.04
105049.24
214217.12
40689.42
75721.61
35493.76
141975.06
141927.72
23646.73
11835.2
17752.8
74561.76
11835.2
81378.84
46157.28
11835.2
204417.57
40689.42
81378.84
201198.4
81378.84
40689.42
21303.36
40689.42
1467.56
233697.86
103155.6
35505.6
40689.42
153810.26
40689.42
40689.42
213033.6
81414.34
103830.21
81378.84
81378.84
122068.25
122068.25
97451.04
161787.18
81378.84
40689.42
81378.84
81378.84
81378.84
81378.84
73827.98
40689.42
151490.56
57992.48
234336.96
57992.48
35505.6
224868.8
118352.0
29576.16
47328.96
47328.96
94657.93
47328.96
81627.37
40275.19
94681.6
218477.79
70987.53
9468.16
41411.36
77627.08
33138.56
113617.92
42606.72
19528.08
106800.84
35493.76
17740.96
201198.4
20403.88
8284.64
1266.37
137584.2
222856.82
152425.54
35505.6
232822.05
228798.09
214217.12
226052.32
100977.93
50820.35
184925.0
236704.0
222229.55
106516.8
73970.0
153265.84
338640.58
187611.59
226939.96
235698.01
95510.06
231851.57
111487.58
165373.25
235402.13
146046.37
209483.04
34913.84
198227.76
119204.13
213483.34
95569.24
147016.85
97249.84
211376.67
221910.0
13018.72
100125.79
192322.0
75449.4
230786.4
47340.8
67709.18
99415.68
231674.04
83757.71
214453.82
53258.4
19439.32
76928.8
118352.0
13018.72
94681.6
213033.6
123086.08
85213.44
42606.72
20119.84
42606.72
170426.88
51128.06
85213.44
42606.72
42606.72
17752.8
201198.4
85213.44
56808.96
66277.12
217767.68
236704.0
218951.2
35505.6
218951.2
42606.72
218951.2
118352.0
201198.4
56808.96
42606.72
56808.96
104149.76
85213.44
85213.44
42606.72
71011.2
127820.16
85213.44
42606.72
85213.44
85213.44
42606.72
213033.6
42606.72
42606.72
42606.72
47932.56
213033.6
85213.44
94681.6
41008.97
42606.72
85213.44
42606.72
42606.72
42606.72
198831.36
213033.6
331740.66
42606.72
215400.64
42606.72
42606.72
99415.68
42606.72
47932.56
42606.72
95865.12
42606.72
42606.72
85213.44
85213.44
170426.88
35008.52
8284.64
51104.39
42606.72
132554.24
42606.72
42606.72
42606.72
213033.6
192913.76
229602.88
11835.2
86396.96
48820.2
33138.56
201198.4
201198.4
177528.0
177528.0
195280.8
33138.56
53258.4
201198.4
5917.6
159775.2
53258.4
53258.4
53258.4
76928.8
21753.1
17740.96
17740.96
17740.96
159775.2
34049.87
23670.4
60359.52
22427.7
53258.4
27197.29
108789.16
108789.16
108789.16
21757.83
163183.74
21753.1
61187.98
20403.88
152307.19
20474.9
108789.16
22119.99
122387.8
54394.58
20392.05
20392.05
27197.29
142779.85
192854.58
195825.22
53258.4
21757.83
163183.74
21764.93
217578.32
142779.85
108789.16
108789.16
21753.1
21757.83
21303.36
20403.88
21753.1
27197.29
21303.36
21757.83
21753.1
21303.36
159775.2
108789.16
21757.83
21764.93
21764.93
53258.4
21757.83
82242.8
53258.4
53258.4
217578.32
108789.16
21764.93
21757.83
54394.58
213033.6
130187.2
21658.42
106516.8
26037.44
27197.29
106516.8
53258.4
106516.8
106516.8
53258.4
47932.56
106516.8
159775.2
53258.4
53258.4
53258.4
106516.8
53258.4
106516.8
53258.4
53258.4
53258.4
53258.4
53258.4
106516.8
53258.4
53258.4
53258.4
53258.4
53258.4
106516.8
106516.8
191730.24
53258.4
213033.6
53258.4
53258.4
23634.89
53258.4
53258.4
53258.4
106516.8
79260.33
53258.4
53258.4
106516.8
191730.24
53258.4
159775.2
53258.4
33138.56
53258.4
53258.4
53258.4
53258.4
53258.4
53258.4
53258.4
53258.4
47932.56
53258.4
106516.8
53258.4
53258.4
213033.6
112434.4
213033.6
85142.43
171574.89
53258.4
94681.6
53258.4
41423.2
47340.8
200156.9
213033.6
42606.72
42606.72
11823.36
153857.6
33138.56
23658.56
53258.4
88752.16
53258.4
16557.44
30688.67
62087.46
12415.12
213033.6
125453.12
213033.6
118352.0
88752.16
26037.44
26037.44
65010.75
23670.4
104149.76
26037.44
15385.76
83438.16
46157.28
46157.28
174924.26
46157.28
46157.28
67460.64
46157.28
46157.28
22723.58
21291.52
18936.32
53187.39
5858.42
75615.09
53187.39
53187.39
47328.96
100575.53
106516.8
47340.8
53258.4
108210.4
197010.56
119951.23
65413.19
56810.46
81766.48
41796.27
50534.26
50534.26
61625.82
71662.34
108440.35
129852.48
101000.88
232652.36
13834699.64
99878.2
52887.83
5748677.5
64858.61
59583.35
51589.31
54037.57
55741.88
111483.76
130380.01
34492.07
160284
200900
400
360
184720
875
155217
3600
54119
599
170000
750
0
