107231.75
15050.29
130191.96
68048.01
68048.01
61778.1
22644.82
157542.36
44986.87
54208.8
44986.87
156583.59
105238.5
154451.57
14722.29
134960.62
164014.12
134960.62
44986.87
89973.75
44986.87
109275.46
134960.62
134960.62
44986.87
70596.34
44986.87
83060.45
44986.87
39499.13
44986.87
78228.72
52922.02
44986.87
44986.87
139300.35
89973.75
44986.87
44986.87
44986.87
173652.36
44986.87
139249.89
107130.83
63039.65
23931.6
108417.61
62143.95
63039.65
57854.68
6728.27
25218.38
18166.32
36181.25
151373.38
5675.71
35285.55
108417.61
80549.97
54208.8
70571.11
108417.61
108417.61
12602.88
12602.88
16362.3
1004067.64
41593.3
54208.8
79401.96
54208.8
37833.88
108417.61
54208.8
65537.52
248146.88
28372.26
68048.01
50146.61
16374.92
16362.3
16362.3
58182.69
99473.22
227962.08
57917.76
102753.25
222007.57
76916.7
76916.7
34288.93
31261.21
58031.3
26593.47
79439.8
16362.3
27829.79
22922.36
32762.45
32762.45
95398.41
52530.94
18557.4
156898.97
56694.06
89734.05
27514.41
113425.96
11795.49
38149.27
23931.6
8326.23
61248.25
25521.16
18557.4
32762.45
8200.07
136714.17
12300.11
73800.68
16362.3
233159.67
73005.9
82000.75
107231.75
107231.75
8200.07
107231.75
107231.75
176389.92
46639.5
115482.29
107231.75
171318.49
103762.49
105024.04
58977.46
60478.71
116630.3
116630.3
7253.91
91538.07
37833.88
99637.22
63443.35
61500.56
18860.17
147197.65
90730.68
125776.54
169552.32
72640.05
134948.0
31261.21
66584.61
113400.73
83022.61
113489.04
28372.26
179064.41
68098.47
52985.1
37833.88
37833.88
34049.23
75667.77
34049.23
63039.65
201141.53
26240.24
176478.23
50373.69
138720.04
25218.38
50373.69
34288.93
34288.93
238660.03
34288.93
34288.93
110991.17
58283.61
7556.68
7556.68
7556.68
165250.43
7556.68
7556.68
165250.43
135932.01
205556.96
37758.19
58283.61
90793.75
141798.22
166486.75
39070.2
90793.75
90793.75
166486.75
90793.75
16349.69
54637.73
57715.91
126091.92
54637.73
54637.73
55495.58
160456.54
57551.91
134821.85
95083.02
80259.81
120162.64
55192.81
68590.47
10004.09
73321.29
10004.09
77585.32
42577.31
173753.28
89885.44
61311.33
42577.31
167155.38
58611.61
92244.54
89885.44
83666.0
85154.62
46361.96
46361.96
65890.76
84675.24
42577.31
85154.62
58662.07
106096.35
46361.96
135641.86
89027.58
114952.44
63859.66
120755.57
64995.06
109401.62
129649.49
61021.17
90793.75
196789.18
196789.18
89557.43
7556.68
58283.61
52985.1
44154.25
111268.71
58283.61
116567.22
63039.65
55495.58
156747.59
66231.38
62383.65
58283.61
65285.21
72854.51
58283.61
60503.94
116567.22
12552.42
111268.71
119733.71
58283.61
58283.61
58283.61
72854.51
52228.17
84486.0
122874.97
116567.22
58283.61
167319.38
25142.69
30201.51
25142.69
135011.08
50928.77
12413.65
25142.69
114687.51
25142.69
251426.92
55495.58
58283.61
157655.9
85873.71
157630.67
127063.32
71466.81
71466.81
71088.34
83489.38
131075.05
65537.52
35260.32
57350.06
61929.49
65537.52
65537.52
54473.73
57350.06
70419.72
61588.87
65537.52
78153.02
65537.52
65537.52
65537.52
131075.05
65537.52
65550.14
65537.52
131075.05
65537.52
56706.67
74835.15
38086.19
55495.58
65537.52
65651.06
138026.19
56290.36
131075.05
130646.12
43523.47
58283.61
58548.54
9713.93
53552.8
88220.19
57791.61
61929.49
138190.19
61538.41
31261.21
216671.21
61538.41
55495.58
11984.73
61538.41
39070.2
241056.97
31261.21
122067.58
102892.02
227936.85
250089.67
232579.36
122017.12
31261.21
107080.36
11101.64
226952.85
180527.8
31261.21
31261.21
231015.04
228151.32
250089.67
31261.21
30996.28
243050.22
31261.21
214917.66
156306.05
31261.21
111268.71
31261.21
31261.21
31261.21
196751.34
31160.28
173526.2
76916.7
44103.79
37833.88
54309.73
37833.88
206818.51
191679.91
139577.89
37833.88
37833.88
16362.3
454006.61
227003.31
227003.31
55382.04
47257.66
37846.5
83501.99
125789.15
159712.23
52228.17
52228.17
51975.86
97643.97
52038.94
127075.93
52228.17
52228.17
52266.02
29520.27
52228.17
208912.68
88131.88
52228.17
104456.34
29520.27
29520.27
52228.17
52228.17
52228.17
2550904.56
29520.27
156684.51
208912.68
42577.31
50449.38
101680.93
44936.41
216885.68
56290.36
76916.7
121613.42
84448.16
156369.12
154413.72
76916.7
31500.9
90793.75
101428.62
67884.01
122332.5
149872.14
66231.38
48443.52
48443.52
12602.88
48443.52
179102.25
83148.76
39070.2
153833.41
23881.14
235834.16
124830.37
39070.2
76916.7
108455.45
39070.2
12602.88
16173.07
163976.27
76916.7
45983.5
153833.41
94855.94
16362.3
231279.96
131541.82
16362.3
130091.04
128488.87
52934.64
58763.0
20146.95
56290.36
23401.75
39070.2
25218.38
44936.41
46141.19
57842.07
70154.8
20146.95
69322.17
44595.79
44595.79
94376.56
46134.88
65121.21
46134.88
112050.87
46122.27
46134.88
46134.88
46134.88
46134.88
68830.17
121701.73
16564.15
46134.88
64679.67
35487.4
134847.08
46134.88
58725.15
67114.46
123190.36
49440.14
46134.88
92282.38
75087.46
46134.88
46134.88
46134.88
59646.08
46134.88
44936.41
46134.88
49440.14
46134.88
46134.88
46134.88
46134.88
46134.88
66445.84
88081.42
46134.88
44936.41
57842.07
88081.42
44936.41
75503.77
127113.78
46134.88
107294.83
44936.41
140549.29
46134.88
75503.77
67114.46
88081.42
110562.24
44936.41
67114.46
55142.35
46134.88
18544.78
63355.04
49011.22
31791.06
40874.22
71088.34
57400.53
94490.1
39070.2
90730.68
135768.01
131440.89
103762.49
70545.88
72665.28
87021.72
52922.02
91235.3
76916.7
20172.18
217995.84
66307.07
81988.13
163395.96
37833.88
6938.52
84372.46
20172.18
96508.57
81988.13
108203.14
227533.16
131567.05
69372.63
69372.63
48279.52
26404.24
69372.63
20172.18
79957.04
62787.34
182735.52
39070.2
58233.15
145179.17
39070.2
76916.7
49906.92
163988.88
131352.59
55407.28
39070.2
39070.2
51925.4
130444.27
58737.77
49389.68
112076.1
116756.45
58485.46
195742.1
39070.2
5084.05
58233.15
142921.0
107862.52
14469.98
39070.2
78140.41
78140.41
39070.2
157580.21
138720.04
33178.76
72059.74
87009.1
127038.08
73109.89
28803.27
119873.58
197152.57
71239.34
47936.75
30071.43
76961.95
32068.8
41167.9
115022.84
125199.89
79720.21
23698.89
53500.84
77041.21
107001.68
115910.56
58256.47
53500.84
133316.16
58256.47
111868.27
144444.34
80243.33
76676.61
63994.93
144111.44
107905.24
89326.58
47857.49
12206.12
59381.97
56465.18
106113.96
70732.07
29405.65
115958.11
72681.88
56037.17
118589.56
57971.13
140798.35
86489.06
152925.21
169443.1
154795.76
94351.7
57971.13
56465.18
62124.38
83493.01
57971.13
110679.36
84333.17
23302.59
79609.25
51360.8
72127.06
114008.3
109347.79
100470.61
62710.91
165052.07
163910.71
73807.38
140830.06
73173.29
179588.44
18182.36
107231.75
61778.1
108417.61
18166.32
36181.25
35285.55
108417.61
12602.88
12602.88
16362.3
54208.8
54208.8
108417.61
54208.8
248146.88
68048.01
16362.3
16362.3
99473.22
222007.57
76916.7
76916.7
31261.21
58031.3
16362.3
136714.17
73005.9
82000.75
107231.75
107231.75
107231.75
176389.92
46639.5
107231.75
60478.71
169552.32
72640.05
66584.61
201141.53
26240.24
176478.23
34288.93
34288.93
165250.43
7556.68
7556.68
165250.43
135932.01
205556.96
37758.19
166486.75
39070.2
90793.75
90793.75
126091.92
95083.02
173753.28
167155.38
196789.18
7556.68
63039.65
12552.42
25142.69
25142.69
12413.65
25142.69
25142.69
157655.9
61538.41
216671.21
61538.41
61538.41
122067.58
102892.02
250089.67
232579.36
107080.36
11101.64
226952.85
180527.8
31261.21
243050.22
31261.21
156306.05
31261.21
31261.21
31261.21
196751.34
76916.7
44103.79
54309.73
206818.51
191679.91
16362.3
227003.31
52228.17
51975.86
52038.94
127075.93
52228.17
52228.17
208912.68
88131.88
52228.17
104456.34
29520.27
22619.59
52228.17
52228.17
29520.27
156684.51
42577.31
156369.12
122332.5
83148.76
153833.41
124830.37
39070.2
153833.41
16362.3
231279.96
16362.3
70154.8
20146.95
16564.15
46134.88
140549.29
91235.3
20172.18
20172.18
227533.16
131567.05
20172.18
62787.34
39070.2
39070.2
157580.21
33178.76
87009.1
127038.08
72484.57
72484.57
47919.91
166792.46
112099.8
47919.91
95839.82
47919.91
116399.96
143759.72
4703.3
75199.05
88475.79
47919.91
47919.91
83329.04
148382.4
47919.91
47919.91
47919.91
184974.07
47919.91
148328.64
114115.5
66195.59
61626.67
161242.56
69810.41
30222.06
182488.04
124234.31
124234.31
7726.85
120794.18
120888.25
56439.6
40300.56
40300.56
36269.16
36269.16
118227.52
62083.56
151043.12
58199.98
58199.98
58199.98
59113.76
170917.92
62432.95
95745.75
62083.56
62083.56
124167.12
59113.76
62083.56
77604.45
62083.56
124167.12
62083.56
62083.56
62083.56
77604.45
130886.12
124167.12
62083.56
143813.48
59113.76
62083.56
167907.81
76126.27
76126.27
139620.82
69810.41
65967.14
69810.41
58025.28
75010.92
69810.41
69810.41
69810.41
139620.82
69823.85
139620.82
69810.41
59113.76
69810.41
59960.36
46361.1
62083.56
65967.14
59113.76
184839.69
58992.82
170125.08
59960.36
129542.32
108041.52
159643.44
51601.92
51601.92
13424.56
51601.92
174667.12
136866.03
114290.19
77402.88
73895.56
174680.56
40610
500
845
