28079.3
6259544.37
5588707.77
120079.75
33046.69
76635.1
191619.68
39930.75
102158.83
90163.63
57500.28
38301.58
169881.38
127762.43
38301.58
76635.1
38301.58
38333.52
150682.68
31944.6
76635.1
16579.25
57436.39
119776.28
166095.95
38301.58
79861.5
38301.58
126436.73
194063.45
76603.15
76603.15
38301.58
76667.04
185262.71
6372.95
169929.3
83039.99
31944.6
104730.37
31944.6
185262.71
31944.6
139869.43
140540.27
115000.56
44722.44
44722.44
114984.59
95817.83
44722.44
46315.68
51095.39
44722.44
185262.71
166095.95
185262.71
159707.03
44722.44
185262.71
172484.87
166095.95
185262.71
172484.87
31944.6
44722.44
185262.71
89444.88
31944.6
166095.95
233195.58
107797.05
70262.15
89428.91
166095.95
6372.95
151736.85
119776.28
47900.93
58897856.25
83359.43
63889.2
102222.72
284163.19
38317.55
31944.6
156528.54
115000.56
3194.46
81139.28
70262.15
222014.97
167709.15
215146.88
6372.95
97734.5
40234.22
42765.83
73792.03
42765.83
218469.12
20923713.0
186117225.75
183681.45
141802.08
57100.97
207639.9
6372.95
12777.84
31944.6
238047964.74
57500.28
39914.78
35139060.0
79861.5
102206.75
51095.39
38317.55
204445.44
61413.49
255556.8
84653.19
142472.92
161000.78
178889.76
6372.95
310405.68
157407.02
61269.74
6372.95
76651.07
109761.65
143622.92
165313.3
34324.47
103612.31
103468.56
103468.56
61269.74
97431.03
20636.21
27951.53
62276.0
103468.56
62276.0
103468.56
135716.63
206937.12
15892.44
206937.12
103468.56
103468.56
103468.56
196443.32
3194.46
27951.53
103468.56
27951.53
27951.53
311683.46
27951.53
174082.1
6372.95
33541.83
160665.37
27951.53
27951.53
547142317.11
6372.95
150938.24
27951.53
87033.06
129359.66
44562717.0
118179.05
146130.57
118179.05
27951.53
4791.69
174082.1
62276.0
174082.1
27951.53
168491.79
1597.23
174082.1
174082.1
124456.16
27951.53
174082.1
27951.53
62276.0
27152.91
179672.4
27951.53
174082.1
27951.53
174082.1
27152.91
34324.47
62276.0
174082.1
27951.53
146130.57
6372.95
27152.91
174082.1
27951.53
4791.69
27951.53
6372.95
174082.1
95817.83
174082.1
9583.38
174082.1
174082.1
174082.1
27951.53
174082.1
29013.68
62276.0
174082.1
27951.53
9581782.77
106998.44
6372.95
47916.9
139773.6
143654.87
193216.91
161000.78
143750.7
9581782.77
172420.98
191507.88
31928.63
29868201.0
67003.8
155729.92
132937.45
62228.08
160393.84
307834.14
31928.63
31114.04
217798.28
55072.49
132282.59
164514.69
59017.65
31114.04
30986.26
90291.41
146593.77
123817.27
73472.58
202848.21
100593.55
101280.35
118035.3
83630.96
83055.96
126596.45
289641688.2
117492.24
9583380.0
83599.02
6706768.77
59017.65
225688599.0
155202.84
66396.85
95801.86
116613.76
62291.97
233195.58
112381.1
25555.68
67083.66
27536.25
59017.65
97734.5
108196.36
144357.65
52692.62
110192.9
32152239.9
47837.04
6706768.77
9592963.38
6706768.77
26801.52
18422450.82
9592963.38
71875.35
54305.82
9592963.38
71875.35
3194.46
71859.38
175695.3
96584.5
41480.06
132570.09
126979.79
61094.05
80260.81
41480.06
97031.72
79861.5
89844.19
130972.86
61094.05
61094.05
39930.75
90642.8
89844.19
136962.47
184879.37
36736.29
188233.56
25044.57
119009.61
126085.34
71795.49
118035.3
251595.67
298873.68
100881.05
54912.77
142680.56
124583940.0
57500.28
98357.42
201762.09
57500.28
172181.39
143702.78
51079.42
71875.35
129359.66
39132.14
118801.97
207623.93
71859.38
103021.34
178889.76
9583.38
137361.78
66412.82
172181.39
91121.97
147568.08
159770.92
152918.8
211896517.95
175295.99
44786.33
49306.49
88550.43
181397.41
181397.41
41048.81
148350.72
63889.2
152423.66
86090.7
195660.67
182882.83
46032.17
33541.83
184128.67
46032.17
101743.55
46032.17
45073.83
321682122.0
35139.06
46032.17
46032.17
78423.99
27152.91
95833.8
46032.17
46032.17
46032.17
46032.17
46032.17
66460.74
292900.04
65821.85
143750.7
226039.99
146929.19
123417.96
193296.77
303473.7
85052.5
55903050.0
41480.06
78567.74
12777.84
83854.57
8942890.77
191667.6
191667.6
39930.75
115942.93
104810.23
71859.38
87847.65
272207922.75
175695.3
159707.03
101583.83
26961.24
47916.9
138959010.0
55903.05
92240.03
155122.98
119792.25
26961.24
71859.38
95833.8
30666.82
100625.49
25555.68
219411.49
190357.87
23000.11
109889.42
31720.99
26961.24
26961.24
53922.48
26961.24
3194.46
26961.24
53922.48
53922.48
24980.68
212367.7
3194.46
238913.66
26961.24
127778.4
26961.24
53922.48
53922.48
27041.1
26961.24
26961.24
26961.24
26961.24
80883.73
26961.24
26961.24
53922.48
26961.24
26961.24
26961.24
26961.24
26961.24
75868.43
40665.48
26769.57
111726.24
44722.44
186117225.75
66524.63
78248.3
164706.36
63841.28
44738.41
21083436.0
61700.99
115112.37
63873.23
223101.09
82960.13
217191.34
136563.17
98820.62
135748.58
138998940.75
3194.46
184783.54
138959.01
97031.72
238610.19
4791.69
23559142.5
92176.14
99072982.44
149676.42
223811853.75
95833.8
67275.33
270930138.75
44762370.75
21203228.25
16132.02
91481348.25
42406456.5
82456998.75
58897856.25
82456998.75
23559142.5
23559142.5
47118285.0
23559142.5
89476.82
61413.49
214428.13
296318.11
140460.41
96919.92
273190.22
114936.67
242635.21
34787.67
145156.26
98213.67
105465.1
125031.16
135461.08
180566.85
169210.55
211377.42
81618.45
36896.01
138575.67
163620.24
27552.22
143750.7
147040.99
120990.17
52197.48
145252.1
103021.34
107813.02
160981617.24
52197.48
38317.55
38317.55
201250.98
38317.55
52708.59
85643.47
179273.1
184815.48
174002.24
177292.53
76667040.0
81458.73
124104.77
218868.43
164211.22
31225.85
33877.25
33541830.0
52197.48
122667.26
111758.18
15956.33
174098.07
33541.83
126660.34
52708.59
103819.95
140556.24
79845.53
27552.22
10382.0
85467.78
79845.53
115895.01
217143.42
85467.78
301382925.93
93230315.1
83008.04
138559.7
86234.45
129231.88
207639.9
92591.42
207639.9
57500.28
127762.43
83039.99
31944.6
31944.6
31944.6
44722.44
31944.6
44722.44
185262.71
159707.03
44722.44
166095.95
44722.44
185262.71
31944.6
166095.95
6372.95
70262.15
6372.95
12777.84
27951.53
33541.83
174082.1
27951.53
150938.24
27951.53
27951.53
174082.1
27951.53
168491.79
174082.1
27951.53
27951.53
27152.91
27951.53
146130.57
6372.95
27152.91
27951.53
6372.95
174082.1
174082.1
174082.1
106998.44
164514.69
146593.77
101280.35
83630.96
83055.96
83599.02
175695.3
96584.5
126979.79
80260.81
97031.72
130972.86
61094.05
61094.05
172181.39
71875.35
39132.14
103021.34
181397.41
181397.41
86090.7
33541.83
95833.8
65821.85
85052.5
78567.74
155122.98
26961.24
100625.49
25555.68
109889.42
26961.24
26961.24
53922.48
53922.48
26961.24
26961.24
111726.24
44722.44
115112.37
98820.62
138959.01
165313.3
92176.14
149676.42
214428.13
140460.41
114936.67
145156.26
98213.67
105465.1
169210.55
81618.45
163620.24
147040.99
107813.02
85643.47
174002.24
81458.73
124104.77
23890.69
102167.36
33974.25
144540.05
65203.38
32615.28
65203.38
32588.1
107576.07
65176.2
65176.2
32588.1
65230.56
89107.66
129102.15
133179.06
97845.84
69035.68
142691.85
36386.42
36386.42
120649.36
176666.1
67948.5
173948.16
217435.2
72025.41
133926.49
88156.38
88034.08
52130.09
88034.08
176068.15
13521.75
88034.08
88034.08
88034.08
265189.41
105890.94
24685.69
118923.46
122225.76
132499.58
261914.29
26472.74
185309.15
26364.02
62512.62
99965.83
95617.13
122823.71
22803.52
35292.45
35292.45
33974.25
107277.09
85832.55
83685.37
171665.09
43459.86
101080.19
56505.97
54358.8
249207.92
122307.3
35292.45
163076.4
74743.35
81538.2
26092.22
186681.71
76129.5
252116.11
206441.13
171230.22
44846.01
150845.67
148127.73
28538.37
88333.05
70625.67
109954.26
176666.1
78779.49
176666.1
28738.2
168762.29
161108.95
83325.51
77769.55
41655.81
72491.39
27779.8
193069.61
159733.85
50003.64
44433.79
53406.67
140010.19
155566.88
53281.66
95451.39
17945.75
24307.33
112494.3
54156.72
140010.19
125009.1
149941.47
27765.91
58268.13
27765.91
51323.18
134968.16
54170.61
22223.84
84992.3
16917.9
47225.66
78825.18
78130.69
119105.89
31946.77
163692.47
21779.36
180554.81
35697.04
132551.32
160122.77
40030.69
40030.69
39197.3
40030.69
40030.69
68199.41
40030.69
40030.69
40030.69
40030.69
57795.87
107327.26
62490.66
152788.9
62490.66
20001.46
21723.8
207765.12
23446.15
35363.69
23279.47
57851.43
38905.61
53656.68
55545.71
194014.12
118758.65
207501.22
125009.1
45392.19
126314.75
89589.85
45392.19
33321.87
33321.87
33321.87
155900.24
190333.3
27154.75
29460.48
97187.63
9028.43
74324.85
69435.61
74324.85
875
525
149038
900
300
116525
750
13275
625
625
750
48000
0
58370
