13
33800
41700
139000
139000
139000
77400
38700
115200
101300
17
92100
179000
36800
36800
179000
179000
53700
50700
32710
75378
58650
58650
58650
16900
86274
3000
81500
129000
77500
64500
29400
129000
64500
64500
301
129000
129000
129000
129000
101320
129000
129000
129000
129000
129000
129
129000
129
109000
69445
118
109000
123710
37760
37760
58650
129000
129000
109000
54400
6740
55000
52250
46750
46750
55000
33900
139000
33900
33900
33900
37760
119000
189340
143760
1736018560
75820
37360
63360
86
83440
129000
131040
64800
102240
123840
177520
56720
64854
37360
61920
41895
219040
159040
80480
19600
30
37360
317360
125000
118150
179380
129000
183590
65790
61920
105280
129000
109360
129000
125765
156400
61920
232880
129000
139000
129000
39000
74480
117280
179120
61920
28320
12
39000
136240
105560
3
210420
92080
16080
118150
50000
129000
129000
97510
130000
74320
123280
190000
62560
108160
129000
148640
160280
18560
47600
47600
131360
63360
341600
15840
126910
105120
96320105120
106100
110000
171435
53100
105120
126640
43600
110000
190400
201920
17000
36950
71100
129
119000
114000
109000
179000
179000
97300
179000
55250
139000
29835
139000
29400
139000
139000
139000
99000
28600
27000
234000
73070
177650
129000
56500
29000
87822
27000
24708
13844
59900
28090
20929
84150
39250
27000
20000
31355
33790
129000
14500
56500
59500
56500
56500
31500
49500
219000
219000
219000
219000
169000
169000
69
69000
69000
169000
229000
229000
229000
229000
229000
229000
14500
17000
43500
14900
69000
101200
129000
109000
64855
64855
64855
64855
14500
189000
189000
69280
43500
139000
77130
143650
