52000
930000
397
547000
47000
47000
47000
47000
47000
50000
47000
47000
47000
47000
47000
3
47000
4
47000
47000
47000
47000
47000
47000
47000
47000
47000
47000
47000
47000
47000
47000
47000
47000
49000
47000
47000
47000
47000
47000
47000
47000
47
47000
47000
47000
47000
47000
47000
47000
47000
47000
47000
47000
47000
47000
47000
47000
47000
47000
47000
47000
49000
47000
47
70000
47000
47000
47000
47000
47000
47000
47000
47000
47000
47000
2
47000
47000
47000
47000
47000
47000
47000
47000
47000
47000
47000
4
47000
47000
47000
47000
47000
47000
47000
47000
470000
2
47000
47000
2
47000
47000
47000
47000
45030
47000
47000
47000
47000
41000
41000
41000
41000
16945
47000
277000
38000
47000
47000
47000
47000
111000
47000
47000
47000
47000
47000
47000
47000
47000
47000
47000
47000
47000
47000
47000
47000
49000
47000
47000
47000
47000
47000
47000
47000
47000
47000
47000
47000
47000
47000
47000
47000
47000
47000
47000
47000
47000
47000
47000
47000
47000
47000
47000
47000
47000
47000
47
47000
47000
47000
47000
47000
47000
47000
47000
47000
47000
47000
47000
47000
47000
47000
47000
47000
47000
47000
47000
47000
47000
47000
47000
47000
47000
47000
47000
47000
47000
47000
47000
47
7778000
47000
47000
47000
47000
47000
47000
47000
47000
47000
47000
47000
47000
47
47000
47000
47000
47000
47000
47000
47000
47000
47000
47000
47000
47000
47
47000
47900
47000
47000
111
47000
47000
47000
47000
47000
47000
47000
47000
47
47000
47000
47000
47000
2
47000
47000
47000
47000
47
47000
47000
47000
47000
47000
47000
47000
47000
47000
47000
47000
