88617
89216
79200
159000
32200
35120
104070
128000
62300
104070
32040
32000
35155
21400
2023
103200
48570
58880
216750
88315
159
169500
160275
344325
42422
48520
106340
40060
29250
47600
208650
44856
82705
179400
39840
39840
161100
111764
46352
42365
42364
49840
42364
29000
42364
47600
106340
108585
57850
37380
48000
29400
37380
37604
74970
42364
27761
5616
42364
14700
29400
14700
52750
1215114596
58740
35750
106340
42364
14700
42364
42364
57850
47600
58740
106340
106340
69615
106340
35750
35750
10000
52866
4760058470
82742
29000
25857
11
101150
303750
121686
160000
129285
119285
19000
258000
230685
165918
10
156400
70308
125200
1
7854046352
29000
109800
287700
71230
119000
19710
50000
40
119000
51560
101150
88560
2
139000
135680
58000
355800
58000
49300
56200
19000
15000
157250
60775
41925
55280
53125
164645
39600
36000
44010
49300
31950
81900
231030
95215
41000
58140
47000
96480
57000
43895
83725
93700
48300
45475
103870
49300
133400
228140
46980
58860
73710
97765
22500
49300
59200
115700
64940
76755
379000
56250
160650
71230
41565
40050
87550
192950
26350
16500
60520
49300
1250
117990
22950
52200
74368
64300
100350
207245
82280
58230
88650
159000
53720
34000
49320
70890
77300
11725
146920
125305
64600
58125
68425
82280
87120
10
306750
14850
59
192355
87120
56250
159000
11630
41
227460
49300
88240
68400
59500
103000
56
16500
104000
58000
65520
72250
123930
72250
141355
193035
342000
48150
34000
5350062500
354780
155735
60
152100
159840
53125
66045
86230
56250
84575
40000
5
51170
45475
52200
11700
44370
99635
36000
83725
99900
13000
52200
34000
115020
114920
49300
306090
49300
70890
93330
45475
56250
224075
49300
156740
135405
52500
80000
56250
112500
53125
112625
68400
53125
177395
87120
32215
53125
159000
53125
87120
56250
72600
87120
139000
135000
118150
211650
139000
135000
45761
53400
48529
160650
189000
160650
160650
189000
160650
179000
141750
21340
29000
68000
21080
19940
119000
44240
74600
